object: 1, path: 1, crossing area times: [[None, 281.32719209734313], [296.32266861892145, 296.7705612506505]]
object: 1, path: 1, crossing area times: [[None, 281.32719209734313], [296.32266861892145, 296.7705612506505]]
